3,2
3,1
3,3
10,78
10,110
10,76
11,23
9,4
9,2
9,3
8,8
8,10
8,9
8,17
8,12
2,2
2,1
2,3
129,3
129,2
129,1
129,0
20,3
20,2
20,1
19,3
19,2
19,1
18,3
18,1
14,12
14,5
14,3
14,1
13,3
13,1
12,3
12,2
12,1
11,30
11,28
11,27
11,25
11,24
11,21
11,20
11,19
11,18
11,17
11,16
11,15
11,14
11,13
11,12
11,11
11,10
11,9
11,8
11,7
11,6
11,5
11,4
11,3
11,2
11,1
10,315
10,302
10,297
10,294
10,292
10,288
10,285
10,284
10,281
10,280
10,278
10,269
10,267
10,264
10,263
10,261
10,258
10,248
10,237
10,234
10,232
10,218
10,206
10,202
10,200
10,189
10,182
10,180
10,179
10,173
10,164
10,160
10,155
10,147
10,130
10,126
10,124
10,122
10,119
10,114
10,91
10,88
10,87
10,86
10,84
10,77
10,75
10,73
10,34
10,25
10,20
10,18
10,16
